camera.calibration=1711.50988,0.0,590.733223,0.0,1702.53509,995.52974,0.0,0.0,1.0
license.plate.coordinates=0,0,0,0.4,0,0,0.4,0.13,0,0,0.13,0